12	537
12	537
-191	514	180.722891566
-193	495	260.526315789
-190	519	80.0
-196	471	260.0
-196	452	272.368421053
-196	433	272.368421053
-196	414	272.368421053
-202	396	248.684210526
-221	392	189.473684211
-240	388	189.473684211
-260	388	177.631578947
-279	384	189.473684211
-298	389	165.789473684
-318	389	177.631578947
-334	378	213.157894737
-353	374	189.473684211
-372	370	189.473684211
-366	360	225.0
-372	342	248.684210526
-355	333	331.578947368
-364	350	118.421052632
-355	314	272.368421053
-343	318	307.894736842
-338	299	284.210526316
-326	284	307.894736842
-318	267	296.052631579
-305	282	47.3684210526
-306	252	307.894736842
-306	233	272.368421053
-308	214	260.526315789
-314	196	248.684210526
-324	179	236.842105263
-334	162	236.842105263
-350	151	213.157894737
-366	140	213.157894737
-384	132	201.315789474
-403	128	189.473684211
-422	124	189.473684211
-442	124	177.631578947
-462	124	177.631578947
-481	120	189.473684211
-500	125	165.789473684
-519	121	189.473684211
-538	126	165.789473684
-558	126	177.631578947
-575	134	153.947368421
-592	142	153.947368421
-607	154	142.105263158
-616	171	118.421052632
-625	188	118.421052632
-631	207	106.578947368
-632	226	94.7368421053
-626	245	71.0526315789
-627	264	94.7368421053
-610	272	23.6842105263
-597	287	47.3684210526
-628	264	201.315789474
-611	272	23.6842105263
-598	287	47.3684210526
-589	304	59.2105263158
-576	319	47.3684210526
-577	338	94.7368421053
-583	357	106.578947368
-590	353	130.263157895
-605	365	142.105263158
-624	370	165.789473684
-644	370	177.631578947
-664	370	177.631578947
-684	370	177.631578947
-704	370	177.631578947
-724	370	177.631578947
-743	375	165.789473684
-763	375	177.631578947
-782	380	165.789473684
-788	399	106.578947368
-782	418	71.0526315789
-776	437	71.0526315789
-775	456	82.8947368421
-769	475	71.0526315789
-770	494	94.7368421053
-764	513	71.0526315789
-763	532	82.8947368421
-762	551	82.8947368421
-756	570	71.0526315789
-757	589	94.7368421053
-756	608	82.8947368421
-757	627	94.7368421053
-763	646	106.578947368
-764	665	94.7368421053
-773	682	118.421052632
-774	701	94.7368421053
-780	720	106.578947368
-795	732	142.105263158
-810	744	142.105263158
-815	732	177.631578947
-835	732	177.631578947
-815	732	0.0
-853	724	201.315789474
-866	710	225.0
-876	693	236.842105263
-894	685	201.315789474
-914	685	177.631578947
-933	690	165.789473684
-950	698	153.947368421
-965	710	142.105263158
-974	727	118.421052632
-983	744	118.421052632
-989	763	106.578947368
-995	782	106.578947368
-1004	799	118.421052632
-1003	818	82.8947368421
-1009	837	106.578947368
-1003	856	71.0526315789
-1004	875	94.7368421053
-998	894	71.0526315789
-989	911	59.2105263158
-976	926	47.3684210526
-959	934	23.6842105263
-940	939	11.8421052632
-921	933	343.421052632
-904	924	331.578947368
-885	918	343.421052632
-866	912	343.421052632
-846	912	0.0
-849	920	23.6842105263
-832	928	23.6842105263
-826	947	71.0526315789
-827	966	94.7368421053
-833	985	106.578947368
-839	1004	106.578947368
-840	1023	94.7368421053
-846	1042	106.578947368
-852	1061	106.578947368
-853	1080	94.7368421053
-854	1099	94.7368421053
-835	1104	11.8421052632
-815	1104	0.0
-795	1104	0.0
-756	1097	352.702702703
-736	1097	0.0
-706	1097	0.0
-720	1072	302.727272727
-717	1096	80.0
-697	1096	0.0
-677	1096	0.0
-678	1090	343.421052632
-658	1090	0.0
-638	1090	0.0
-618	1090	0.0
-603	1102	35.5263157895
-601	1081	331.578947368
-601	1106	90.0
-595	1125	71.0526315789
-604	1142	118.421052632
-617	1157	130.263157895
-630	1172	130.263157895
-610	1172	0.0
-643	1187	130.263157895
-613	1163	331.578947368
-630	1171	153.947368421
-643	1186	130.263157895
-613	1162	331.578947368
-630	1170	153.947368421
-643	1185	130.263157895
-649	1204	106.578947368
-655	1223	106.578947368
-661	1242	106.578947368
-652	1259	59.2105263158
-643	1276	59.2105263158
-630	1291	47.3684210526
-613	1299	23.6842105263
-598	1311	35.5263157895
-604	1316	59.2105263158
-569	1316	0.0
-549	1316	0.0
-529	1316	0.0
-509	1316	0.0
-479	1316	0.0
-459	1316	0.0
-439	1316	0.0
-424	1303	319.736842105
-407	1294	331.578947368
-392	1281	319.736842105
-380	1266	307.894736842
-372	1249	296.052631579
-372	1230	272.368421053
-372	1211	272.368421053
-374	1192	260.526315789
-384	1175	236.842105263
-397	1161	225.0
-396	1180	82.8947368421
-410	1147	225.0
-404	1166	71.0526315789
-420	1130	236.842105263
-426	1112	248.684210526
-414	1097	307.894736842
-399	1084	319.736842105
-379	1084	0.0
-354	1084	0.0
-369	1065	230.0
-360	1082	59.2105263158
-340	1082	0.0
-366	1064	248.684210526
-351	1083	50.0
-312	1076	352.702702703
-295	1084	23.6842105263
-276	1078	343.421052632
-257	1083	11.8421052632
-237	1083	0.0
-217	1083	0.0
-224	1098	47.3684210526
-207	1089	331.578947368
-224	1097	153.947368421
-192	1076	319.736842105
-192	1057	272.368421053
-192	1038	272.368421053
-192	1019	272.368421053
-192	1000	272.368421053
-195	976	260.0
-197	957	260.526315789
-203	976	106.578947368
-197	938	272.368421053
-197	919	272.368421053
-203	938	106.578947368
-199	900	260.526315789
-201	881	260.526315789
-203	862	260.526315789
-205	843	260.526315789
-205	824	272.368421053
-211	806	248.684210526
-213	787	260.526315789
-223	770	236.842105263
-233	753	236.842105263
-251	745	201.315789474
-270	750	165.789473684
-292	759	160.0
-307	771	142.105263158
-322	783	142.105263158
-341	788	165.789473684
-354	803	130.263157895
-373	808	165.789473684
-391	800	201.315789474
-409	792	201.315789474
-422	778	225.0
-435	764	225.0
-441	746	248.684210526
-447	728	248.684210526
-449	709	260.526315789
-451	690	260.526315789
-451	671	272.368421053
-447	647	280.0
-432	634	319.736842105
-424	617	296.052631579
-407	608	331.578947368
-390	599	331.578947368
-373	607	23.6842105263
-391	599	201.315789474
-374	607	23.6842105263
-378	614	47.3684210526
-391	600	225.0
-363	601	319.736842105
-359	608	343.421052632
-347	593	307.894736842
-327	593	0.0
-314	608	47.3684210526
-305	625	59.2105263158
-286	630	11.8421052632
