58	486
114	467	346.153846154
127	482	47.3684210526
128	501	82.8947368421
127	520	94.7368421053
128	539	82.8947368421
118	537	118.421052632
131	552	47.3684210526
132	571	82.8947368421
133	590	82.8947368421
139	609	71.0526315789
148	626	59.2105263158
154	596	319.736842105
142	617	120.0
155	632	47.3684210526
168	647	47.3684210526
154	651	94.7368421053
163	668	59.2105263158
173	645	343.421052632
211	633	346.621621622
228	624	331.578947368
243	611	319.736842105
258	598	319.736842105
273	585	319.736842105
288	572	319.736842105
307	566	343.421052632
327	566	0.0
346	571	11.8421052632
363	579	23.6842105263
378	591	35.5263157895
375	564	307.894736842
371	588	100.0
386	600	35.5263157895
395	617	59.2105263158
404	634	59.2105263158
395	598	272.368421053
408	613	47.3684210526
394	617	94.7368421053
403	634	59.2105263158
409	653	71.0526315789
415	672	71.0526315789
416	691	82.8947368421
417	710	82.8947368421
416	729	94.7368421053
415	748	94.7368421053
409	767	106.578947368
400	784	118.421052632
394	803	106.578947368
408	767	296.052631579
402	786	106.578947368
393	803	118.421052632
380	818	130.263157895
365	830	142.105263158
348	838	153.947368421
329	843	165.789473684
310	839	189.473684211
292	831	201.315789474
274	823	201.315789474
261	809	225.0
270	826	59.2105263158
243	801	201.315789474
227	790	213.157894737
208	786	189.473684211
189	782	189.473684211
170	787	165.789473684
157	802	130.263157895
151	821	106.578947368
145	840	106.578947368
139	859	106.578947368
138	878	94.7368421053
151	844	307.894736842
142	861	118.421052632
141	880	94.7368421053
150	844	296.052631579
141	861	118.421052632
140	880	94.7368421053
149	844	296.052631579
140	861	118.421052632
139	880	94.7368421053
148	897	59.2105263158
133	899	106.578947368
132	918	94.7368421053
131	937	94.7368421053
130	956	94.7368421053
124	975	106.578947368
123	994	94.7368421053
122	1013	94.7368421053
121	1032	94.7368421053
120	1051	94.7368421053
135	1063	35.5263157895
155	1063	0.0
175	1063	0.0
194	1068	11.8421052632
213	1062	343.421052632
233	1062	0.0
253	1062	0.0
273	1062	0.0
293	1062	0.0
332	1055	352.702702703
352	1055	0.0
365	1070	47.3684210526
382	1078	23.6842105263
388	1097	71.0526315789
389	1116	82.8947368421
404	1128	35.5263157895
380	1133	118.421052632
371	1150	118.421052632
358	1165	130.263157895
349	1182	118.421052632
362	1197	47.3684210526
348	1201	94.7368421053
347	1220	94.7368421053
353	1239	71.0526315789
359	1258	71.0526315789
372	1273	47.3684210526
389	1281	23.6842105263
406	1289	23.6842105263
425	1294	11.8421052632
445	1294	0.0
465	1294	0.0
485	1294	0.0
504	1288	343.421052632
523	1282	343.421052632
542	1276	343.421052632
561	1270	343.421052632
576	1257	319.736842105
593	1248	331.578947368
601	1231	296.052631579
609	1214	296.052631579
614	1195	284.210526316
614	1165	270.0
622	1167	286.363636364
612	1150	236.842105263
627	1148	284.210526316
608	1144	189.473684211
627	1149	11.8421052632
595	1130	225.0
579	1119	213.157894737
566	1105	225.0
550	1094	213.157894737
540	1077	236.842105263
545	1058	284.210526316
559	1071	343.421052632
544	1083	142.105263158
553	1053	248.684210526
559	1072	71.0526315789
553	1034	272.368421053
536	1042	153.947368421
561	1017	296.052631579
552	1034	118.421052632
580	1011	343.421052632
597	1002	331.578947368
616	996	343.421052632
633	987	331.578947368
652	981	343.421052632
669	972	331.578947368
688	966	343.421052632
707	960	343.421052632
724	951	331.578947368
743	945	343.421052632
762	939	343.421052632
781	933	343.421052632
800	927	343.421052632
819	921	343.421052632
819	902	272.368421053
819	883	272.368421053
817	864	260.526315789
817	845	272.368421053
817	826	272.368421053
815	807	260.526315789
815	788	272.368421053
815	769	272.368421053
815	750	272.368421053
815	731	272.368421053
805	714	236.842105263
799	696	248.684210526
786	682	225.0
766	682	177.631578947
749	690	153.947368421
732	698	153.947368421
717	710	142.105263158
704	725	130.263157895
689	737	142.105263158
672	745	153.947368421
653	750	165.789473684
638	762	142.105263158
634	746	189.473684211
615	742	189.473684211
602	728	225.0
586	717	213.157894737
576	700	236.842105263
570	682	248.684210526
564	664	248.684210526
564	645	272.368421053
564	626	272.368421053
562	607	260.526315789
562	588	272.368421053
562	569	272.368421053
567	550	284.210526316
572	531	284.210526316
577	512	284.210526316
585	495	296.052631579
593	478	296.052631579
610	469	331.578947368
625	456	319.736842105
644	450	343.421052632
663	444	343.421052632
683	444	0.0
698	456	35.5263157895
715	464	23.6842105263
728	479	47.3684210526
743	491	35.5263157895
756	506	47.3684210526
771	518	35.5263157895
788	526	23.6842105263
807	520	343.421052632
822	507	319.736842105
830	490	296.052631579
835	471	284.210526316
842	475	307.894736842
843	494	82.8947368421
836	457	248.684210526
841	438	284.210526316
841	419	272.368421053
835	401	248.684210526
840	382	284.210526316
834	364	248.684210526
834	345	272.368421053
834	326	272.368421053
815	322	189.473684211
795	322	177.631578947
775	322	177.631578947
755	322	177.631578947
735	322	177.631578947
716	318	189.473684211
696	318	177.631578947
676	318	177.631578947
656	318	177.631578947
637	314	189.473684211
617	314	177.631578947
598	310	189.473684211
580	302	201.315789474
567	288	225.0
567	269	272.368421053
575	252	296.052631579
590	239	319.736842105
598	222	296.052631579
613	209	319.736842105
621	192	296.052631579
633	177	307.894736842
633	158	272.368421053
631	139	260.526315789
625	121	248.684210526
612	107	225.0
599	93	225.0
581	85	201.315789474
563	77	201.315789474
545	69	201.315789474
525	69	177.631578947
506	65	189.473684211
487	70	165.789473684
467	70	177.631578947
448	75	165.789473684
431	83	153.947368421
416	95	142.105263158
403	110	130.263157895
390	125	130.263157895
384	144	106.578947368
383	163	94.7368421053
374	180	118.421052632
391	188	23.6842105263
404	203	47.3684210526
373	180	201.315789474
392	185	11.8421052632
398	204	71.0526315789
373	181	189.473684211
392	186	11.8421052632
401	203	59.2105263158
373	182	189.473684211
392	187	11.8421052632
405	202	47.3684210526
374	179	201.315789474
391	187	23.6842105263
404	202	47.3684210526
373	179	201.315789474
392	184	11.8421052632
398	203	71.0526315789
373	180	189.473684211
392	185	11.8421052632
398	204	71.0526315789
373	181	189.473684211
392	186	11.8421052632
401	203	59.2105263158
373	182	189.473684211
392	187	11.8421052632
405	202	47.3684210526
374	179	201.315789474
391	187	23.6842105263
404	202	47.3684210526
373	179	201.315789474
392	184	11.8421052632
398	203	71.0526315789
373	180	189.473684211
392	185	11.8421052632
398	204	71.0526315789
373	181	189.473684211
392	186	11.8421052632
401	203	59.2105263158
373	182	189.473684211
392	187	11.8421052632
405	202	47.3684210526
374	179	201.315789474
391	187	23.6842105263
404	202	47.3684210526
373	179	201.315789474
392	184	11.8421052632
398	203	71.0526315789
373	180	189.473684211
392	185	11.8421052632
398	204	71.0526315789
373	181	189.473684211
392	186	11.8421052632
401	203	59.2105263158
373	182	189.473684211
392	187	11.8421052632
405	202	47.3684210526
374	179	201.315789474
